07x22
1111111
1111111
1111111
1111111
1111111
1111111
1111111
1111111
1111111
1111111
1111111
1111111
1111111
1111111
0111110
0111110
0111110
0111110
0111110
0111110
0111110
0011100
0011100
0011100
0000000
0000000
0000000
1111111
1111111
1111111
1111111
1111111
1111111
1111111
12x0C
111111100001111111
111111100001111111
111111100001111111
111111100001111111
111111100001111111
111111100001111111
111111100001111111
011111000000111110
011111000000111110
011111000000111110
001110000000011100
001110000000011100
1Ax21
00000000111110000011111000
00000000111110000011111000
00000000111110000011111000
00000000111110000011111000
00000000111110000111110000
00000001111100000111110000
00000001111100000111110000
01111111111111111111111111
01111111111111111111111111
01111111111111111111111111
01111111111111111111111111
01111111111111111111111111
00000011111000001111100000
00000011111000001111100000
00000011111000011111000000
00000111110000011111000000
00000111110000011111000000
00000111110000011111000000
00000111110000011111000000
11111111111111111111111100
11111111111111111111111100
11111111111111111111111100
11111111111111111111111100
11111111111111111111111100
00001111100001111100000000
00011111000001111100000000
00011111000001111100000000
00011111000001111100000000
00011111000001111100000000
00011111000011111000000000
00111110000011111000000000
00111110000011111000000000
00111110000011111000000000
19x28
0000000000111000000000000
0000000000111000000000000
0000000111111111100000000
0000011111111111111000000
0000111111111111111110000
0001111111111111111111000
0011111111111111111111100
0011111110111001111111110
0111111100111000111111110
0111111000111000011111111
0111111000111000001111111
0111111000111000001111111
0111111000111000000000000
0111111100111000000000000
0111111110111000000000000
0011111111111000000000000
0011111111111100000000000
0001111111111111100000000
0000111111111111111100000
0000001111111111111111000
0000000011111111111111100
0000000000111111111111110
0000000000111001111111110
0000000000111000111111111
0000000000111000011111111
1111111000111000001111111
1111111000111000001111111
1111111000111000001111111
1111111000111000011111111
0111111100111000011111110
0111111110111001111111110
0011111111111111111111100
0011111111111111111111000
0001111111111111111110000
0000011111111111111000000
0000000111111111000000000
0000000000111000000000000
0000000000111000000000000
0000000000111000000000000
0000000000111000000000000
27x22
000000111110000000000000001111000000000
000011111111100000000000001111000000000
000111111111111000000000011110000000000
001111111111111000000000011110000000000
011111111111111100000000111100000000000
011111000001111100000000111100000000000
111110000000111110000001111000000000000
111100000000011110000001111000000000000
111100000000011110000011110000000000000
111100000000011110000011110000000000000
111110000000111110000111100000000000000
011111000001111100000111100000000000000
011111111111111100001111000000000000000
001111111111111000001111000000000000000
000111111111110000011110000000000000000
000011111111100000111110000000000000000
000000111110000000111100000000000000000
000000000000000001111000000011111000000
000000000000000001111000001111111110000
000000000000000011110000111111111111100
000000000000000011110000111111111111100
000000000000000111100001111111111111110
000000000000000111100011111100000111110
000000000000001111000011111000000011111
000000000000001111000011110000000001111
000000000000011110000011110000000001111
000000000000011110000011110000000001111
000000000000111100000011111000000011111
000000000000111100000001111100000111110
000000000001111000000001111111111111110
000000000001111000000000111111111111100
000000000011110000000000111111111111000
000000000111110000000000001111111110000
000000000111100000000000000011111000000
1Ex23
000000000011111100000000000000
000000001111111110000000000000
000000011111111111000000000000
000000111111111111100000000000
000001111111111111110000000000
000011111111001111110000000000
000011111110000111110000000000
000011111110000111110000000000
000011111110000111110000000000
000011111111000111110000000000
000001111111001111100000000000
000001111111111111100000000000
000000111111111111000000000000
000000011111111110000000000000
000000001111111100000000000000
000000011111111000000000000000
000001111111111100000011111000
000011111111111110000011111000
001111111111111110000011111000
011111111100111111000111111000
011111110000011111100111111000
111111110000011111111111110000
111111100000001111111111110000
111111100000000111111111110000
111111100000000111111111100000
111111100000000011111111100000
111111110000000011111111000000
111111111000000111111111100000
011111111100001111111111110000
011111111111111111111111110000
001111111111111111111111111000
000111111111111111101111111100
000011111111111111000111111110
000001111111111110000011111110
000000001111111000000000000000
07x0C
1111111
1111111
1111111
1111111
1111111
1111111
1111111
0111110
0111110
0111110
0011100
0011100
0Dx2C
0000000011110
0000000111110
0000001111100
0000001111100
0000011111000
0000111111000
0000111110000
0001111110000
0001111110000
0001111100000
0011111100000
0011111100000
0111111000000
0111111000000
0111111000000
0111111000000
1111110000000
1111110000000
1111110000000
1111110000000
1111110000000
1111110000000
1111110000000
1111110000000
1111110000000
1111110000000
1111110000000
0111110000000
0111111000000
0111111000000
0111111000000
0011111000000
0011111100000
0011111100000
0001111100000
0001111110000
0000111110000
0000111111000
0000011111000
0000011111000
0000001111100
0000001111100
0000000111110
0000000011110
0Dx2C
0111100000000
0111110000000
0011111000000
0011111000000
0001111100000
0001111100000
0000111110000
0000111110000
0000111111000
0000011111000
0000011111100
0000011111100
0000001111110
0000001111110
0000001111110
0000001111110
0000000111111
0000000111111
0000000111111
0000000111111
0000000111111
0000000111111
0000000111111
0000000111111
0000000111111
0000000111111
0000000111111
0000000111110
0000001111110
0000001111110
0000001111110
0000001111100
0000011111100
0000011111100
0000011111000
0000111111000
0000111110000
0001111110000
0001111100000
0011111100000
0011111000000
0111111000000
0111110000000
1111100000000
0Fx0F
000000111000000
000000111000000
000000111000000
000000111000000
011000111000110
111111111111111
111111111111111
001111111111110
000001111100000
000011111110000
000011111110000
000111101111000
001111000111100
001111000111100
000010000010000
17x16
00000000011111000000000
00000000011111000000000
00000000011111000000000
00000000011111000000000
00000000011111000000000
00000000011111000000000
00000000011111000000000
00000000011111000000000
11111111111111111111111
11111111111111111111111
11111111111111111111111
11111111111111111111111
11111111111111111111111
11111111111111111111111
00000000011111000000000
00000000011111000000000
00000000011111000000000
00000000011111000000000
00000000011111000000000
00000000011111000000000
00000000011111000000000
00000000011111000000000
07x0F
1111111
1111111
1111111
1111111
1111111
1111111
1111111
0000111
0000111
0000111
0001111
0001110
1111110
1111100
1110000
0Dx06
1111111111111
1111111111111
1111111111111
1111111111111
1111111111111
1111111111111
07x07
1111111
1111111
1111111
1111111
1111111
1111111
1111111
0Dx22
0000000000111
0000000001111
0000000001110
0000000001110
0000000001110
0000000011100
0000000011100
0000000011100
0000000111100
0000000111000
0000000111000
0000000111000
0000001110000
0000001110000
0000001110000
0000011110000
0000011100000
0000011100000
0000111100000
0000111000000
0000111000000
0000111000000
0001110000000
0001110000000
0001110000000
0011110000000
0011100000000
0011100000000
0011100000000
0111000000000
0111000000000
0111000000000
1111000000000
1110000000000
18x23
000000001111111100000000
000000111111111111000000
000011111111111111110000
000111111111111111111000
000111111111111111111000
001111111111111111111100
001111111100001111111100
011111111000000111111110
011111110000000011111110
011111110000000011111110
011111110000000011111110
111111100000000001111111
111111100000000001111111
111111100000000001111111
111111100000000001111111
111111100000000001111111
111111100000000001111111
111111100000000001111111
111111100000000001111111
111111100000000001111111
111111100000000001111111
111111100000000001111111
111111100000000001111111
111111100000000001111111
011111110000000011111110
011111110000000011111110
011111110000000011111110
011111111000000111111110
001111111100001111111100
001111111111111111111100
000111111111111111111000
000111111111111111111000
000011111111111111110000
000000111111111111000000
000000001111111100000000
0Ex21
00000000001111
00000000011111
00000000011111
00000000111111
00000001111111
00001111111111
11111111111111
11111111111111
11111111111111
11111111111111
00000001111111
00000001111111
00000001111111
00000001111111
00000001111111
00000001111111
00000001111111
00000001111111
00000001111111
00000001111111
00000001111111
00000001111111
00000001111111
00000001111111
00000001111111
00000001111111
00000001111111
00000001111111
00000001111111
00000001111111
00000001111111
00000001111111
00000001111111
17x22
00000001111111100000000
00000111111111111100000
00001111111111111110000
00011111111111111111000
00111111111111111111100
01111111111111111111110
01111111100000111111110
11111111000000011111111
11111110000000011111111
11111110000000001111111
11111110000000001111111
11111110000000001111111
00000000000000001111111
00000000000000001111111
00000000000000011111111
00000000000000011111110
00000000000000111111110
00000000000001111111100
00000000000111111111000
00000000001111111110000
00000000011111111000000
00000001111111110000000
00000011111111000000000
00000111111110000000000
00001111111100000000000
00011111111000000000000
00011111110000000000000
00111111100000000000000
00111111111111111111111
00111111111111111111111
01111111111111111111111
01111111111111111111111
01111111111111111111111
01111111111111111111111
17x23
00000001111111100000000
00000111111111111100000
00011111111111111110000
00111111111111111111000
01111111111111111111100
01111111111111111111100
01111111100001111111110
11111111000000111111110
11111110000000011111110
11111110000000011111110
11111110000000011111110
00000000000000011111110
00000000000000011111100
00000000000000111111100
00000000000001111111000
00000000001111111110000
00000000001111111100000
00000000001111111110000
00000000001111111111100
00000000000001111111110
00000000000000011111110
00000000000000011111111
00000000000000001111111
00000000000000001111111
00000000000000001111111
11111110000000001111111
11111110000000011111111
11111111000000011111111
01111111100000111111110
01111111111111111111110
01111111111111111111100
00111111111111111111000
00011111111111111110000
00000111111111111100000
00000001111111100000000
16x21
0000000000011111111000
0000000000011111111000
0000000000111111111000
0000000000111111111000
0000000001111111111000
0000000011111111111000
0000000011111111111000
0000000111101111111000
0000000111101111111000
0000001111001111111000
0000011110001111111000
0000011110001111111000
0000111100001111111000
0000111000001111111000
0001111000001111111000
0001110000001111111000
0011110000001111111000
0111100000001111111000
0111000000001111111000
1111000000001111111000
1111111111111111111111
1111111111111111111111
1111111111111111111111
1111111111111111111111
1111111111111111111111
1111111111111111111111
0000000000001111111000
0000000000001111111000
0000000000001111111000
0000000000001111111000
0000000000001111111000
0000000000001111111000
0000000000001111111000
17x22
00011111111111111111110
00011111111111111111110
00011111111111111111110
00011111111111111111110
00111111111111111111110
00111111111111111111110
00111110000000000000000
00111110000000000000000
00111110000000000000000
00111100000000000000000
01111100011111100000000
01111101111111111100000
01111111111111111110000
01111111111111111111000
01111111111111111111100
11111111111111111111100
11111110000001111111110
00000000000000111111110
00000000000000011111111
00000000000000001111111
00000000000000001111111
00000000000000001111111
00000000000000001111111
00000000000000001111111
00000000000000001111111
11111100000000011111111
11111110000000111111110
11111111000001111111110
11111111111111111111100
01111111111111111111100
00111111111111111111000
00011111111111111100000
00001111111111111000000
00000001111111000000000
17x23
00000000111111110000000
00000011111111111100000
00000111111111111111000
00001111111111111111000
00011111111111111111100
00111111111111111111110
00111111110000111111110
01111111100000011111110
01111111000000000000000
01111111000000000000000
01111111000000000000000
11111110000000000000000
11111110001111110000000
11111110111111111100000
11111111111111111111000
11111111111111111111100
11111111111111111111100
11111111110000111111110
11111111000000011111110
11111111000000011111111
11111110000000001111111
11111110000000001111111
11111110000000001111111
11111110000000001111111
01111110000000001111111
01111110000000001111111
01111111000000011111111
01111111000000011111110
00111111110001111111110
00111111111111111111100
00011111111111111111100
00011111111111111111000
00001111111111111110000
00000011111111111100000
00000000111111100000000
17x21
11111111111111111111111
11111111111111111111111
11111111111111111111111
11111111111111111111111
11111111111111111111111
11111111111111111111111
00000000000000001111110
00000000000000011111100
00000000000000111111100
00000000000000111111000
00000000000001111110000
00000000000011111110000
00000000000011111100000
00000000000111111100000
00000000000111111000000
00000000001111110000000
00000000011111110000000
00000000011111110000000
00000000011111100000000
00000000111111100000000
00000000111111000000000
00000001111111000000000
00000001111111000000000
00000001111110000000000
00000001111110000000000
00000011111110000000000
00000011111110000000000
00000011111110000000000
00000011111100000000000
00000111111100000000000
00000111111100000000000
00000111111100000000000
00000111111100000000000
18x23
000000001111111000000000
000000111111111111000000
000011111111111111100000
000111111111111111110000
001111111111111111111000
001111111111111111111000
011111111000001111111100
011111110000000011111100
011111100000000011111100
011111100000000001111100
011111100000000001111100
011111100000000011111100
001111110000000011111000
001111111000001111111000
000011111111111111110000
000001111111111111000000
000011111111111111110000
000111111111111111111000
001111111100001111111100
011111110000000011111110
011111110000000011111110
111111100000000001111111
111111100000000001111111
111111100000000001111111
111111100000000001111111
111111100000000001111111
111111110000000011111111
111111110000000011111110
011111111000001111111110
011111111111111111111110
001111111111111111111100
000111111111111111111000
000011111111111111110000
000001111111111111000000
000000001111111100000000
18x23
000000001111111100000000
000000111111111111000000
000011111111111111100000
000111111111111111110000
001111111111111111111000
001111111111111111111100
011111111100001111111100
011111110000000111111110
111111110000000011111110
111111100000000001111110
111111100000000001111110
111111100000000001111111
111111100000000001111111
111111100000000001111111
111111100000000001111111
111111110000000011111111
011111110000000111111111
011111111100001111111111
011111111111111111111111
001111111111111111111111
000111111111111111111111
000011111111111101111111
000001111111111001111111
000000011111110001111110
000000000000000001111110
000000000000000011111110
000000000000000011111110
011111110000000111111100
011111111000001111111100
011111111111111111111000
001111111111111111111000
001111111111111111110000
000111111111111111100000
000001111111111110000000
000000011111111000000000
07x19
1111111
1111111
1111111
1111111
1111111
1111111
1111111
0000000
0000000
0000000
0000000
0000000
0000000
0000000
0000000
0000000
0000000
0000000
1111111
1111111
1111111
1111111
1111111
1111111
1111111
07x21
1111111
1111111
1111111
1111111
1111111
1111111
1111111
0000000
0000000
0000000
0000000
0000000
0000000
0000000
0000000
0000000
0000000
0000000
1111111
1111111
1111111
1111111
1111111
1111111
1111111
0000111
0000111
0000111
0001111
0011110
1111110
1111100
1110000
17x17
00000000000000000000001
00000000000000000001111
00000000000000000111111
00000000000000111111111
00000000000111111111111
00000000011111111111111
00000011111111111111000
00011111111111111000000
01111111111111000000000
11111111111000000000000
11111111000000000000000
11111000000000000000000
11111110000000000000000
11111111110000000000000
11111111111110000000000
00011111111111110000000
00000111111111111110000
00000000111111111111110
00000000000111111111111
00000000000001111111111
00000000000000001111111
00000000000000000001111
00000000000000000000001
17x12
11111111111111111111111
11111111111111111111111
11111111111111111111111
11111111111111111111111
11111111111111111111111
11111111111111111111111
00000000000000000000000
00000000000000000000000
00000000000000000000000
00000000000000000000000
00000000000000000000000
00000000000000000000000
11111111111111111111111
11111111111111111111111
11111111111111111111111
11111111111111111111111
11111111111111111111111
11111111111111111111111
17x17
10000000000000000000000
11100000000000000000000
11111100000000000000000
11111111100000000000000
11111111111000000000000
11111111111111000000000
00011111111111111000000
00000011111111111110000
00000000011111111111110
00000000000011111111111
00000000000000011111111
00000000000000000111111
00000000000000011111111
00000000000011111111111
00000000001111111111111
00000001111111111111000
00001111111111111000000
01111111111111100000000
11111111111100000000000
11111111100000000000000
11111110000000000000000
11110000000000000000000
10000000000000000000000
18x23
000000011111111000000000
000001111111111111000000
000111111111111111110000
001111111111111111111000
001111111111111111111100
011111111111111111111100
011111111000001111111110
011111110000000111111110
111111110000000011111111
111111100000000001111111
111111100000000001111111
111111100000000001111111
000000000000000001111111
000000000000000011111111
000000000000000111111110
000000000000001111111110
000000000000011111111100
000000000000111111111000
000000000011111111110000
000000000011111111100000
000000000111111110000000
000000000111111100000000
000000001111111000000000
000000001111110000000000
000000001111110000000000
000000000000000000000000
000000000000000000000000
000000000000000000000000
000000001111111000000000
000000001111111000000000
000000001111111000000000
000000001111111000000000
000000001111111000000000
000000001111111000000000
000000001111111000000000
2Bx29
0000000000000000000111111111000000000000000
0000000000000001111111111111111100000000000
0000000000000111111111111111111111000000000
0000000000011111111111111111111111110000000
0000000000111111111000000001111111111000000
0000000011111111000000000000001111111100000
0000000111111110000000000000000011111110000
0000001111111000000000000000000001111111000
0000011111110000000000000000000000011111000
0000011111100000000000000000000000001111100
0000111111000000000000000000000000001111100
0001111110000000000011111100011110000111110
0001111100000000001111111110111110000011110
0011111100000000111111111111111110000011110
0011111000000001111110000111111100000001111
0111111000000011111100000011111100000001111
0111110000000011111000000001111100000001111
0111110000000111110000000001111000000001111
1111110000000111100000000001111000000001111
1111100000001111100000000001111000000001111
1111100000001111000000000001111000000001111
1111100000001111000000000001110000000011111
1111100000011111000000000011110000000011111
1111100000011111000000000011110000000011110
1111100000011111000000000011100000000111110
1111100000011111000000000111100000000111100
1111110000011111000000001111100000001111100
0111110000011111100000011111100000011111000
0111110000001111110000111111110001111111000
0111111000001111111111111111111111111110000
0011111100000111111111111011111111111100000
0011111110000011111111110001111111110000000
0001111111000000111111000000011111000000000
0000111111100000000000000000000000000000000
0000011111110000000000000000000000000000000
0000001111111100000000000000000000000000000
0000000111111111100000000000011000000000000
0000000011111111111111111111111100000000000
0000000000111111111111111111111100000000000
0000000000001111111111111111111000000000000
0000000000000000111111111110000000000000000
20x22
00000000000011111111100000000000
00000000000011111111100000000000
00000000000011111111100000000000
00000000000111111111110000000000
00000000000111111111110000000000
00000000000111111111110000000000
00000000001111111111111000000000
00000000001111111111111000000000
00000000001111110111111000000000
00000000011111110111111100000000
00000000011111110111111100000000
00000000011111100011111100000000
00000000111111100011111110000000
00000000111111100011111110000000
00000001111111000001111110000000
00000001111111000001111111000000
00000001111110000001111111000000
00000011111110000000111111100000
00000011111110000000111111100000
00000011111100000000111111100000
00000111111100000000011111110000
00000111111111111111111111110000
00000111111111111111111111110000
00001111111111111111111111111000
00001111111111111111111111111000
00011111111111111111111111111000
00011111111111111111111111111100
00011111110000000000000111111100
00111111100000000000000111111100
00111111100000000000000011111110
00111111100000000000000011111110
01111111000000000000000011111110
01111111000000000000000001111111
01111111000000000000000001111111
1Bx22
111111111111111111100000000
111111111111111111111100000
111111111111111111111110000
111111111111111111111111000
111111111111111111111111100
111111111111111111111111100
111111100000000001111111110
111111100000000000111111110
111111100000000000011111110
111111100000000000011111110
111111100000000000011111110
111111100000000000111111100
111111100000000001111111100
111111111111111111111111000
111111111111111111111110000
111111111111111111111000000
111111111111111111111110000
111111111111111111111111000
111111111111111111111111100
111111100000000000111111110
111111100000000000011111110
111111100000000000001111111
111111100000000000001111111
111111100000000000001111111
111111100000000000001111111
111111100000000000001111111
111111100000000000011111111
111111100000000000111111110
111111111111111111111111110
111111111111111111111111100
111111111111111111111111100
111111111111111111111111000
111111111111111111111100000
111111111111111111100000000
1Ex24
000000000001111111110000000000
000000001111111111111110000000
000000011111111111111111100000
000001111111111111111111110000
000011111111111111111111111000
000011111111111111111111111100
000111111111100000011111111100
001111111110000000000111111110
001111111100000000000111111110
011111111000000000000011111110
011111111000000000000001111111
011111110000000000000001111111
011111110000000000000000000000
111111100000000000000000000000
111111100000000000000000000000
111111100000000000000000000000
111111100000000000000000000000
111111100000000000000000000000
111111100000000000000000000000
111111100000000000000000000000
111111100000000000000000000000
111111100000000000000000000000
111111100000000000000000000000
011111110000000000000000000000
011111110000000000000001111111
011111110000000000000001111111
011111111000000000000011111111
001111111100000000000011111110
001111111110000000000111111110
000111111111100000011111111100
000011111111111111111111111100
000011111111111111111111111000
000001111111111111111111110000
000000011111111111111111100000
000000001111111111111110000000
000000000001111111110000000000
1Cx22
1111111111111111110000000000
1111111111111111111110000000
1111111111111111111111000000
1111111111111111111111100000
1111111111111111111111110000
1111111111111111111111111000
1111111000000000111111111100
1111111000000000001111111100
1111111000000000000111111110
1111111000000000000111111110
1111111000000000000011111110
1111111000000000000011111110
1111111000000000000001111111
1111111000000000000001111111
1111111000000000000001111111
1111111000000000000001111111
1111111000000000000001111111
1111111000000000000001111111
1111111000000000000001111111
1111111000000000000001111111
1111111000000000000001111111
1111111000000000000001111111
1111111000000000000011111110
1111111000000000000011111110
1111111000000000000111111110
1111111000000000000111111110
1111111000000000001111111100
1111111000000000111111111100
1111111111111111111111111000
1111111111111111111111110000
1111111111111111111111100000
1111111111111111111111000000
1111111111111111111110000000
1111111111111111110000000000
19x22
1111111111111111111111110
1111111111111111111111110
1111111111111111111111110
1111111111111111111111110
1111111111111111111111110
1111111111111111111111110
1111111000000000000000000
1111111000000000000000000
1111111000000000000000000
1111111000000000000000000
1111111000000000000000000
1111111000000000000000000
1111111000000000000000000
1111111111111111111111100
1111111111111111111111100
1111111111111111111111100
1111111111111111111111100
1111111111111111111111100
1111111111111111111111100
1111111000000000000000000
1111111000000000000000000
1111111000000000000000000
1111111000000000000000000
1111111000000000000000000
1111111000000000000000000
1111111000000000000000000
1111111000000000000000000
1111111000000000000000000
1111111111111111111111111
1111111111111111111111111
1111111111111111111111111
1111111111111111111111111
1111111111111111111111111
1111111111111111111111111
18x22
111111111111111111111111
111111111111111111111111
111111111111111111111111
111111111111111111111111
111111111111111111111111
111111111111111111111111
111111100000000000000000
111111100000000000000000
111111100000000000000000
111111100000000000000000
111111100000000000000000
111111100000000000000000
111111100000000000000000
111111111111111111111100
111111111111111111111100
111111111111111111111100
111111111111111111111100
111111111111111111111100
111111111111111111111100
111111100000000000000000
111111100000000000000000
111111100000000000000000
111111100000000000000000
111111100000000000000000
111111100000000000000000
111111100000000000000000
111111100000000000000000
111111100000000000000000
111111100000000000000000
111111100000000000000000
111111100000000000000000
111111100000000000000000
111111100000000000000000
111111100000000000000000
1Fx24
0000000000001111111110000000000
0000000001111111111111110000000
0000000111111111111111111100000
0000001111111111111111111110000
0000011111111111111111111111000
0000111111111111111111111111100
0001111111111000000011111111110
0001111111100000000000111111110
0011111111000000000000011111110
0011111110000000000000001111111
0111111110000000000000001111111
0111111100000000000000000000000
0111111100000000000000000000000
1111111000000000000000000000000
1111111000000000000000000000000
1111111000000000000000000000000
1111111000000000001111111111111
1111111000000000001111111111111
1111111000000000001111111111111
1111111000000000001111111111111
1111111000000000001111111111111
1111111000000000001111111111111
1111111100000000000000000111111
0111111100000000000000000111111
0111111100000000000000000111111
0111111110000000000000001111111
0011111111000000000000001111111
0011111111100000000000011111111
0001111111110000000000111111111
0001111111111100000111111111111
0000111111111111111111111111111
0000011111111111111111111011111
0000001111111111111111111001111
0000000111111111111111110001111
0000000001111111111111000001111
0000000000001111111100000000000
1Bx22
111111100000000000001111111
111111100000000000001111111
111111100000000000001111111
111111100000000000001111111
111111100000000000001111111
111111100000000000001111111
111111100000000000001111111
111111100000000000001111111
111111100000000000001111111
111111100000000000001111111
111111100000000000001111111
111111100000000000001111111
111111100000000000001111111
111111111111111111111111111
111111111111111111111111111
111111111111111111111111111
111111111111111111111111111
111111111111111111111111111
111111111111111111111111111
111111100000000000001111111
111111100000000000001111111
111111100000000000001111111
111111100000000000001111111
111111100000000000001111111
111111100000000000001111111
111111100000000000001111111
111111100000000000001111111
111111100000000000001111111
111111100000000000001111111
111111100000000000001111111
111111100000000000001111111
111111100000000000001111111
111111100000000000001111111
111111100000000000001111111
07x22
1111111
1111111
1111111
1111111
1111111
1111111
1111111
1111111
1111111
1111111
1111111
1111111
1111111
1111111
1111111
1111111
1111111
1111111
1111111
1111111
1111111
1111111
1111111
1111111
1111111
1111111
1111111
1111111
1111111
1111111
1111111
1111111
1111111
1111111
16x23
0000000000000001111111
0000000000000001111111
0000000000000001111111
0000000000000001111111
0000000000000001111111
0000000000000001111111
0000000000000001111111
0000000000000001111111
0000000000000001111111
0000000000000001111111
0000000000000001111111
0000000000000001111111
0000000000000001111111
0000000000000001111111
0000000000000001111111
0000000000000001111111
0000000000000001111111
0000000000000001111111
0000000000000001111111
0000000000000001111111
0000000000000001111111
0000000000000001111111
1111111000000001111111
1111111000000001111111
1111111000000001111111
1111111000000001111111
1111111000000001111111
1111111100000011111111
1111111110000111111111
0111111111111111111110
0111111111111111111110
0011111111111111111100
0001111111111111111000
0000111111111111110000
0000000111111110000000
1Ex22
111111100000000000001111111100
111111100000000000011111111000
111111100000000000111111110000
111111100000000001111111100000
111111100000000011111111100000
111111100000000111111111000000
111111100000000111111110000000
111111100000001111111100000000
111111100000011111111000000000
111111100000111111110000000000
111111100001111111100000000000
111111100011111111000000000000
111111100111111110000000000000
111111101111111100000000000000
111111111111111000000000000000
111111111111111100000000000000
111111111111111100000000000000
111111111111111110000000000000
111111111111111111000000000000
111111111101111111100000000000
111111111000111111110000000000
111111110000111111110000000000
111111100000011111111000000000
111111100000001111111100000000
111111100000000111111110000000
111111100000000111111111000000
111111100000000011111111000000
111111100000000001111111100000
111111100000000000111111110000
111111100000000000111111111000
111111100000000000011111111000
111111100000000000001111111100
111111100000000000000111111110
111111100000000000000111111111
17x22
11111110000000000000000
11111110000000000000000
11111110000000000000000
11111110000000000000000
11111110000000000000000
11111110000000000000000
11111110000000000000000
11111110000000000000000
11111110000000000000000
11111110000000000000000
11111110000000000000000
11111110000000000000000
11111110000000000000000
11111110000000000000000
11111110000000000000000
11111110000000000000000
11111110000000000000000
11111110000000000000000
11111110000000000000000
11111110000000000000000
11111110000000000000000
11111110000000000000000
11111110000000000000000
11111110000000000000000
11111110000000000000000
11111110000000000000000
11111110000000000000000
11111110000000000000000
11111111111111111111111
11111111111111111111111
11111111111111111111111
11111111111111111111111
11111111111111111111111
11111111111111111111111
21x22
111111111110000000000011111111111
111111111110000000000011111111111
111111111110000000000011111111111
111111111110000000000011111111111
111111111110000000000111111111111
111111111111000000000111111111111
111111111111000000000111111111111
111111111111000000000111111111111
111111111111000000000111111111111
111111111111100000001111111111111
111111101111100000001111101111111
111111101111100000001111101111111
111111101111100000001111101111111
111111101111100000011111101111111
111111101111110000011111001111111
111111100111110000011111001111111
111111100111110000011111001111111
111111100111110000011111001111111
111111100111111000111110001111111
111111100011111000111110001111111
111111100011111000111110001111111
111111100011111000111110001111111
111111100011111100111110001111111
111111100001111101111100001111111
111111100001111101111100001111111
111111100001111101111100001111111
111111100001111101111100001111111
111111100001111111111000001111111
111111100000111111111000001111111
111111100000111111111000001111111
111111100000111111111000001111111
111111100000111111111000001111111
111111100000011111110000001111111
111111100000011111110000001111111
1Cx22
1111111000000000000001111111
1111111100000000000001111111
1111111110000000000001111111
1111111110000000000001111111
1111111111000000000001111111
1111111111000000000001111111
1111111111100000000001111111
1111111111110000000001111111
1111111111110000000001111111
1111111111111000000001111111
1111111111111000000001111111
1111111011111100000001111111
1111111011111110000001111111
1111111001111110000001111111
1111111001111111000001111111
1111111000111111000001111111
1111111000011111100001111111
1111111000011111110001111111
1111111000001111110001111111
1111111000001111111001111111
1111111000000111111001111111
1111111000000011111101111111
1111111000000011111111111111
1111111000000001111111111111
1111111000000001111111111111
1111111000000000111111111111
1111111000000000011111111111
1111111000000000011111111111
1111111000000000001111111111
1111111000000000001111111111
1111111000000000000111111111
1111111000000000000011111111
1111111000000000000011111111
1111111000000000000001111111
21x24
000000000000111111111000000000000
000000000111111111111111000000000
000000011111111111111111100000000
000000111111111111111111111000000
000001111111111111111111111100000
000011111111111111111111111110000
000111111111100000001111111111000
000111111110000000000111111111000
001111111100000000000001111111100
001111111000000000000000111111100
011111111000000000000000111111110
011111110000000000000000011111110
011111110000000000000000011111110
111111110000000000000000011111111
111111100000000000000000001111111
111111100000000000000000001111111
111111100000000000000000001111111
111111100000000000000000001111111
111111100000000000000000001111111
111111100000000000000000001111111
111111100000000000000000001111111
111111100000000000000000001111111
111111110000000000000000011111111
011111110000000000000000011111110
011111110000000000000000011111110
011111111000000000000000111111110
001111111000000000000000111111100
001111111100000000000001111111100
000111111110000000000011111111000
000111111111100000001111111111000
000011111111111111111111111110000
000001111111111111111111111100000
000000111111111111111111111000000
000000011111111111111111110000000
000000000111111111111111000000000
000000000000111111111000000000000
1Ax22
11111111111111111110000000
11111111111111111111110000
11111111111111111111111000
11111111111111111111111100
11111111111111111111111110
11111111111111111111111110
11111110000000001111111110
11111110000000000011111111
11111110000000000001111111
11111110000000000001111111
11111110000000000001111111
11111110000000000001111111
11111110000000000001111111
11111110000000000001111111
11111110000000000011111111
11111110000000001111111110
11111111111111111111111110
11111111111111111111111100
11111111111111111111111100
11111111111111111111111000
11111111111111111111100000
11111111111111111110000000
11111110000000000000000000
11111110000000000000000000
11111110000000000000000000
11111110000000000000000000
11111110000000000000000000
11111110000000000000000000
11111110000000000000000000
11111110000000000000000000
11111110000000000000000000
11111110000000000000000000
11111110000000000000000000
11111110000000000000000000
21x25
000000000000111111111000000000000
000000000111111111111111000000000
000000011111111111111111100000000
000000111111111111111111111000000
000001111111111111111111111100000
000011111111111111111111111110000
000111111111100000001111111111000
000111111110000000000011111111000
001111111100000000000001111111100
001111111000000000000000111111100
011111111000000000000000111111110
011111110000000000000000011111110
011111110000000000000000011111110
111111110000000000000000011111111
111111100000000000000000001111111
111111100000000000000000001111111
111111100000000000000000001111111
111111100000000000000000001111111
111111100000000000000000001111111
111111100000000000000000001111111
111111100000000000000000001111111
111111100000000000000000001111111
111111110000000000001000011111111
011111110000000000011100011111110
011111110000000000111110011111110
011111111000000001111111111111110
001111111000000000111111111111100
001111111100000000011111111111100
000111111110000000001111111111000
000111111111100000001111111111000
000011111111111111111111111111000
000001111111111111111111111111100
000000111111111111111111111111110
000000011111111111111111111111111
000000000111111111111111001111110
000000000000111111111000000111100
000000000000000000000000000011000
1Cx22
1111111111111111111110000000
1111111111111111111111100000
1111111111111111111111111000
1111111111111111111111111000
1111111111111111111111111100
1111111111111111111111111100
1111111000000000001111111110
1111111000000000000111111110
1111111000000000000011111110
1111111000000000000011111110
1111111000000000000011111110
1111111000000000000011111110
1111111000000000000011111110
1111111000000000000111111100
1111111000000000001111111100
1111111111111111111111111000
1111111111111111111111110000
1111111111111111111111000000
1111111111111111111111100000
1111111111111111111111110000
1111111111111111111111111000
1111111000000000011111111000
1111111000000000000111111100
1111111000000000000111111100
1111111000000000000111111100
1111111000000000000111111100
1111111000000000000111111100
1111111000000000000111111100
1111111000000000000111111100
1111111000000000000111111100
1111111000000000000111111100
1111111000000000000111111100
1111111000000000000111111110
1111111000000000000011111111
1Cx24
0000000011111111110000000000
0000001111111111111110000000
0000111111111111111111100000
0001111111111111111111110000
0011111111111111111111111000
0111111111111111111111111100
0111111111000000111111111100
1111111100000000001111111110
1111111000000000000111111110
1111111000000000000011111110
1111111000000000000011111110
1111111000000000000000000000
1111111100000000000000000000
1111111111000000000000000000
0111111111111100000000000000
0111111111111111111000000000
0011111111111111111111000000
0001111111111111111111110000
0000011111111111111111111100
0000000011111111111111111110
0000000000000111111111111110
0000000000000000001111111111
0000000000000000000011111111
0000000000000000000011111111
0000000000000000000001111111
1111111000000000000001111111
1111111000000000000001111111
1111111000000000000011111111
1111111100000000000011111110
0111111111000000001111111110
0111111111111111111111111110
0011111111111111111111111100
0001111111111111111111111000
0000111111111111111111110000
0000001111111111111111000000
0000000001111111111000000000
1Bx22
111111111111111111111111111
111111111111111111111111111
111111111111111111111111111
111111111111111111111111111
111111111111111111111111111
111111111111111111111111111
000000000011111110000000000
000000000011111110000000000
000000000011111110000000000
000000000011111110000000000
000000000011111110000000000
000000000011111110000000000
000000000011111110000000000
000000000011111110000000000
000000000011111110000000000
000000000011111110000000000
000000000011111110000000000
000000000011111110000000000
000000000011111110000000000
000000000011111110000000000
000000000011111110000000000
000000000011111110000000000
000000000011111110000000000
000000000011111110000000000
000000000011111110000000000
000000000011111110000000000
000000000011111110000000000
000000000011111110000000000
000000000011111110000000000
000000000011111110000000000
000000000011111110000000000
000000000011111110000000000
000000000011111110000000000
000000000011111110000000000
1Bx23
111111100000000000001111111
111111100000000000001111111
111111100000000000001111111
111111100000000000001111111
111111100000000000001111111
111111100000000000001111111
111111100000000000001111111
111111100000000000001111111
111111100000000000001111111
111111100000000000001111111
111111100000000000001111111
111111100000000000001111111
111111100000000000001111111
111111100000000000001111111
111111100000000000001111111
111111100000000000001111111
111111100000000000001111111
111111100000000000001111111
111111100000000000001111111
111111100000000000001111111
111111100000000000001111111
111111100000000000001111111
111111100000000000001111111
111111100000000000001111111
111111100000000000001111111
111111100000000000001111111
111111110000000000011111111
011111111000000000111111110
011111111100000001111111110
001111111111111111111111100
001111111111111111111111100
000111111111111111111111000
000011111111111111111110000
000000111111111111111000000
000000000111111111000000000
1Dx22
11111110000000000000001111111
11111110000000000000001111111
01111111000000000000011111110
01111111000000000000011111110
01111111000000000000011111110
00111111100000000000011111100
00111111100000000000111111100
00111111100000000000111111100
00011111110000000000111111000
00011111110000000001111111000
00001111110000000001111111000
00001111110000000001111110000
00001111111000000011111110000
00000111111000000011111110000
00000111111000000011111100000
00000111111100000011111100000
00000011111100000111111100000
00000011111100000111111000000
00000011111110000111111000000
00000001111110001111110000000
00000001111110001111110000000
00000001111110001111110000000
00000000111111001111100000000
00000000111111011111100000000
00000000111111011111100000000
00000000011111111111000000000
00000000011111111111000000000
00000000011111111111000000000
00000000001111111110000000000
00000000001111111110000000000
00000000001111111110000000000
00000000000111111100000000000
00000000000111111100000000000
00000000000111111100000000000
2Bx22
1111111100000000001111111000000000011111111
1111111100000000001111111000000000011111111
0111111100000000011111111000000000011111110
0111111100000000011111111100000000011111110
0111111100000000011111111100000000011111110
0011111110000000011111111100000000111111110
0011111110000000011111111100000000111111100
0011111110000000111111111110000000111111100
0011111110000000111110111110000000111111100
0001111110000000111110111110000000111111000
0001111111000000111110111110000001111111000
0001111111000000111110111110000001111111000
0000111111000001111110011111000001111111000
0000111111000001111100011111000001111110000
0000111111000001111100011111000001111110000
0000111111100001111100011111000011111110000
0000011111100001111100001111100011111100000
0000011111100011111100001111100011111100000
0000011111100011111000001111100011111100000
0000001111110011111000001111100011111100000
0000001111110011111000001111100111111000000
0000001111110011111000000111110111111000000
0000001111110111110000000111110111111000000
0000000111110111110000000111110111111000000
0000000111111111110000000111110111110000000
0000000111111111110000000111111111110000000
0000000011111111110000000011111111110000000
0000000011111111100000000011111111100000000
0000000011111111100000000011111111100000000
0000000011111111100000000011111111100000000
0000000001111111100000000001111111100000000
0000000001111111100000000001111111000000000
0000000001111111000000000001111111000000000
0000000000111111000000000001111111000000000
1Ex22
011111111000000000000111111110
011111111100000000001111111100
001111111100000000001111111100
000111111110000000011111111000
000111111110000000011111110000
000011111111000000111111110000
000011111111000001111111100000
000001111111100001111111100000
000000111111100011111111000000
000000111111110011111110000000
000000011111110111111110000000
000000001111111111111100000000
000000001111111111111000000000
000000000111111111111000000000
000000000111111111110000000000
000000000011111111100000000000
000000000001111111100000000000
000000000011111111100000000000
000000000011111111110000000000
000000000111111111110000000000
000000000111111111111000000000
000000001111111111111100000000
000000011111111111111100000000
000000011111110111111110000000
000000111111100011111111000000
000001111111100001111111000000
000001111111000001111111100000
000011111111000000111111110000
000111111110000000111111110000
000111111110000000011111111000
001111111100000000011111111000
001111111100000000001111111100
011111111000000000001111111110
111111111000000000000111111110
1Dx22
11111111000000000000011111111
11111111000000000000111111110
01111111100000000000111111110
01111111100000000001111111100
00111111110000000001111111100
00011111110000000001111111000
00011111110000000011111111000
00001111111000000011111110000
00001111111000000111111110000
00000111111100000111111100000
00000111111100001111111100000
00000011111110001111111000000
00000011111110001111111000000
00000001111111011111110000000
00000001111111011111110000000
00000000111111111111100000000
00000000111111111111100000000
00000000011111111111000000000
00000000011111111110000000000
00000000001111111110000000000
00000000000111111100000000000
00000000000111111100000000000
00000000000111111100000000000
00000000000111111100000000000
00000000000111111100000000000
00000000000111111100000000000
00000000000111111100000000000
00000000000111111100000000000
00000000000111111100000000000
00000000000111111100000000000
00000000000111111100000000000
00000000000111111100000000000
00000000000111111100000000000
00000000000111111100000000000
1Ax22
11111111111111111111111111
11111111111111111111111111
11111111111111111111111111
11111111111111111111111111
11111111111111111111111111
11111111111111111111111111
00000000000000000011111111
00000000000000000111111110
00000000000000001111111100
00000000000000011111111000
00000000000000111111111000
00000000000000111111110000
00000000000001111111100000
00000000000011111111000000
00000000000111111110000000
00000000001111111110000000
00000000001111111100000000
00000000011111111000000000
00000000111111110000000000
00000001111111100000000000
00000011111111100000000000
00000011111111000000000000
00000111111110000000000000
00001111111100000000000000
00011111111000000000000000
00111111111000000000000000
00111111110000000000000000
01111111100000000000000000
11111111111111111111111111
11111111111111111111111111
11111111111111111111111111
11111111111111111111111111
11111111111111111111111111
11111111111111111111111111
0Bx2B
11111111111
11111111111
11111111111
11111111111
11111111111
11111110000
11111110000
11111110000
11111110000
11111110000
11111110000
11111110000
11111110000
11111110000
11111110000
11111110000
11111110000
11111110000
11111110000
11111110000
11111110000
11111110000
11111110000
11111110000
11111110000
11111110000
11111110000
11111110000
11111110000
11111110000
11111110000
11111110000
11111110000
11111110000
11111110000
11111110000
11111110000
11111110000
11111111111
11111111111
11111111111
11111111111
11111111111
0Ex22
11100000000000
11110000000000
01110000000000
01110000000000
01111000000000
00111000000000
00111000000000
00111100000000
00011100000000
00011100000000
00011110000000
00001110000000
00001110000000
00001110000000
00000111000000
00000111000000
00000111000000
00000011100000
00000011100000
00000011100000
00000001110000
00000001110000
00000001110000
00000001111000
00000000111000
00000000111000
00000000111100
00000000011100
00000000011100
00000000011110
00000000001110
00000000001110
00000000001111
00000000000111
0Bx2B
11111111111
11111111111
11111111111
11111111111
11111111111
00001111111
00001111111
00001111111
00001111111
00001111111
00001111111
00001111111
00001111111
00001111111
00001111111
00001111111
00001111111
00001111111
00001111111
00001111111
00001111111
00001111111
00001111111
00001111111
00001111111
00001111111
00001111111
00001111111
00001111111
00001111111
00001111111
00001111111
00001111111
00001111111
00001111111
00001111111
00001111111
00001111111
11111111111
11111111111
11111111111
11111111111
11111111111
16x14
0000000011111100000000
0000000111111100000000
0000000111111100000000
0000001111111110000000
0000001111111110000000
0000001111111111000000
0000011111011111000000
0000011111011111000000
0000111111011111100000
0000111110001111100000
0000111110001111110000
0001111110000111110000
0001111100000111110000
0011111100000111111000
0011111000000011111000
0011111000000011111100
0111111000000001111100
0111110000000001111100
0111110000000001111110
1111100000000000111110
1Cx04
1111111111111111111111111111
1111111111111111111111111111
1111111111111111111111111111
1111111111111111111111111111
09x07
111111000
011111000
001111100
000111100
000011110
000001110
000001111
18x1A
000000011111111100000000
000011111111111111000000
000111111111111111110000
001111111111111111111000
011111111111111111111000
011111111111111111111100
011111110000001111111100
011111100000000111111100
000000000000000111111100
000000000000001111111100
000000000000111111111100
000000111111111111111100
000111111111111111111100
001111111111111111111100
011111111100000111111100
111111110000000111111100
111111100000000111111100
111111100000001111111100
111111100000001111111100
111111110000011111111100
111111111111111111111100
011111111111111111111100
011111111111111111111100
001111111111110111111110
000111111111000011111111
000001111110000000000000
19x23
1111111000000000000000000
1111111000000000000000000
1111111000000000000000000
1111111000000000000000000
1111111000000000000000000
1111111000000000000000000
1111111000000000000000000
1111111000000000000000000
1111111000000000000000000
1111111000011111100000000
1111111001111111111000000
1111111011111111111110000
1111111111111111111111000
1111111111111111111111000
1111111111111111111111100
1111111111000001111111110
1111111110000000111111110
1111111100000000011111110
1111111100000000011111111
1111111000000000001111111
1111111000000000001111111
1111111000000000001111111
1111111000000000001111111
1111111000000000001111111
1111111000000000001111111
1111111100000000011111111
1111111100000000011111110
1111111110000000111111110
1111111111000001111111110
1111111111111111111111100
1111111111111111111111000
1111111111111111111111000
1111111011111111111110000
1111111001111111111000000
0000000000011111100000000
17x1A
00000000111111110000000
00000011111111111110000
00001111111111111111000
00011111111111111111100
00111111111111111111110
00111111111111111111110
01111111110000011111111
01111111100000001111111
01111111000000000111111
11111110000000000000000
11111110000000000000000
11111110000000000000000
11111110000000000000000
11111110000000000000000
11111110000000000000000
11111110000000000000000
11111110000000000000000
01111111000000000111111
01111111100000001111111
01111111110000011111111
00111111111111111111110
00111111111111111111110
00011111111111111111100
00001111111111111111000
00000011111111111110000
00000000111111110000000
19x23
0000000000000000001111111
0000000000000000001111111
0000000000000000001111111
0000000000000000001111111
0000000000000000001111111
0000000000000000001111111
0000000000000000001111111
0000000000000000001111111
0000000000000000001111111
0000000011111100001111111
0000001111111111001111111
0000111111111111101111111
0001111111111111111111111
0001111111111111111111111
0011111111111111111111111
0111111111000001111111111
0111111110000000111111111
0111111100000000011111111
1111111100000000011111111
1111111000000000001111111
1111111000000000001111111
1111111000000000001111111
1111111000000000001111111
1111111000000000001111111
1111111000000000001111111
1111111100000000011111111
0111111100000000011111111
0111111110000000111111111
0111111111000001111111111
0011111111111111111111111
0011111111111111111111111
0001111111111111111111111
0000111111111111101111111
0000001111111111001111111
0000000011111100000000000
18x1A
000000001111111000000000
000000111111111110000000
000011111111111111100000
000111111111111111110000
001111111111111111111000
001111111100001111111000
011111111000000011111100
011111110000000011111100
011111110000000001111100
111111100000000001111110
111111100000000001111110
111111111111111111111110
111111111111111111111110
111111111111111111111110
111111111111111111111110
111111100000000000000000
111111100000000000000000
111111100000000000000000
011111110000000001111111
011111110000000011111110
001111111100000111111110
001111111111111111111100
000111111111111111111000
000011111111111111110000
000000111111111111000000
000000001111111100000000
0Ex22
00000001111111
00000111111111
00001111111111
00001111111111
00011111111111
00011111111000
00011111110000
00011111110000
00011111110000
00011111110000
11111111111110
11111111111110
11111111111110
11111111111110
00011111110000
00011111110000
00011111110000
00011111110000
00011111110000
00011111110000
00011111110000
00011111110000
00011111110000
00011111110000
00011111110000
00011111110000
00011111110000
00011111110000
00011111110000
00011111110000
00011111110000
00011111110000
00011111110000
00011111110000
18x24
000000001111100001111111
000001111111111001111111
000011111111111101111111
000111111111111101111111
001111111111111111111111
001111111111111111111111
011111111100001111111111
011111111000000111111111
011111110000000011111111
111111110000000011111111
111111100000000001111111
111111100000000001111111
111111100000000001111111
111111100000000001111111
111111100000000001111111
111111100000000001111111
111111100000000011111111
111111110000000011111111
011111111000000111111111
011111111100001111111111
001111111111111111111111
001111111111111111111111
000111111111111111111111
000011111111111101111111
000001111111111001111111
000000011111100001111111
000000000000000001111111
000000000000000001111111
000000000000000001111111
011111110000000011111111
011111110000000111111110
011111111100001111111110
001111111111111111111100
000111111111111111111000
000011111111111111100000
000000011111111100000000
17x22
11111110000000000000000
11111110000000000000000
11111110000000000000000
11111110000000000000000
11111110000000000000000
11111110000000000000000
11111110000000000000000
11111110000000000000000
11111110000000000000000
11111110000111111100000
11111110001111111111000
11111110111111111111100
11111110111111111111110
11111111111111111111110
11111111111111111111111
11111111110000111111111
11111111000000011111111
11111111000000001111111
11111110000000001111111
11111110000000001111111
11111110000000001111111
11111110000000001111111
11111110000000001111111
11111110000000001111111
11111110000000001111111
11111110000000001111111
11111110000000001111111
11111110000000001111111
11111110000000001111111
11111110000000001111111
11111110000000001111111
11111110000000001111111
11111110000000001111111
11111110000000001111111
07x22
1111111
1111111
1111111
1111111
1111111
1111111
0000000
0000000
0000000
1111111
1111111
1111111
1111111
1111111
1111111
1111111
1111111
1111111
1111111
1111111
1111111
1111111
1111111
1111111
1111111
1111111
1111111
1111111
1111111
1111111
1111111
1111111
1111111
1111111
0Ax2D
0001111111
0001111111
0001111111
0001111111
0001111111
0001111111
0000000000
0000000000
0000000000
0001111111
0001111111
0001111111
0001111111
0001111111
0001111111
0001111111
0001111111
0001111111
0001111111
0001111111
0001111111
0001111111
0001111111
0001111111
0001111111
0001111111
0001111111
0001111111
0001111111
0001111111
0001111111
0001111111
0001111111
0001111111
0001111111
0001111111
0001111111
0001111111
0001111111
1111111111
1111111111
1111111111
1111111110
1111111110
1111111000
17x22
11111110000000000000000
11111110000000000000000
11111110000000000000000
11111110000000000000000
11111110000000000000000
11111110000000000000000
11111110000000000000000
11111110000000000000000
11111110000000000000000
11111110000000011111110
11111110000000111111100
11111110000001111111100
11111110000011111111000
11111110000111111110000
11111110000111111100000
11111110001111111000000
11111110011111110000000
11111110111111100000000
11111111111111000000000
11111111111111100000000
11111111111111100000000
11111111111111110000000
11111111111111111000000
11111111101111111000000
11111111001111111100000
11111110000111111100000
11111110000011111110000
11111110000011111111000
11111110000001111111000
11111110000001111111100
11111110000000111111100
11111110000000111111110
11111110000000011111110
11111110000000011111111
07x22
1111111
1111111
1111111
1111111
1111111
1111111
1111111
1111111
1111111
1111111
1111111
1111111
1111111
1111111
1111111
1111111
1111111
1111111
1111111
1111111
1111111
1111111
1111111
1111111
1111111
1111111
1111111
1111111
1111111
1111111
1111111
1111111
1111111
1111111
24x19
111111100001111110000000011111100000
111111100111111111100001111111111000
111111101111111111110011111111111100
111111111111111111111111111111111110
111111111111111111111111111111111110
111111111111111111111111111111111111
111111111000001111111111000011111111
111111110000000111111110000001111111
111111100000000111111100000001111111
111111100000000111111100000001111111
111111100000000111111100000001111111
111111100000000111111100000001111111
111111100000000111111100000001111111
111111100000000111111100000001111111
111111100000000111111100000001111111
111111100000000111111100000001111111
111111100000000111111100000001111111
111111100000000111111100000001111111
111111100000000111111100000001111111
111111100000000111111100000001111111
111111100000000111111100000001111111
111111100000000111111100000001111111
111111100000000111111100000001111111
111111100000000111111100000001111111
111111100000000111111100000001111111
17x19
11111110000111111100000
11111110011111111111000
11111110111111111111100
11111111111111111111110
11111111111111111111110
11111111111111111111111
11111111110000111111111
11111111000000011111111
11111110000000001111111
11111110000000001111111
11111110000000001111111
11111110000000001111111
11111110000000001111111
11111110000000001111111
11111110000000001111111
11111110000000001111111
11111110000000001111111
11111110000000001111111
11111110000000001111111
11111110000000001111111
11111110000000001111111
11111110000000001111111
11111110000000001111111
11111110000000001111111
11111110000000001111111
19x1A
0000000001111111100000000
0000001111111111111000000
0000011111111111111110000
0000111111111111111111000
0001111111111111111111100
0011111111111111111111100
0111111111000001111111110
0111111110000000111111110
0111111100000000011111110
1111111100000000011111111
1111111000000000001111111
1111111000000000001111111
1111111000000000001111111
1111111000000000001111111
1111111000000000001111111
1111111000000000001111111
1111111100000000011111111
0111111100000000011111110
0111111110000000111111110
0111111111000001111111110
0011111111111111111111100
0001111111111111111111100
0000111111111111111111000
0000011111111111111110000
0000001111111111111000000
0000000001111111100000000
19x24
1111111000011111100000000
1111111001111111111000000
1111111011111111111110000
1111111011111111111111000
1111111111111111111111000
1111111111111111111111100
1111111111000001111111110
1111111110000000111111110
1111111100000000011111110
1111111100000000011111111
1111111000000000001111111
1111111000000000001111111
1111111000000000001111111
1111111000000000001111111
1111111000000000001111111
1111111000000000001111111
1111111100000000011111111
1111111100000000011111110
1111111110000000111111110
1111111111000001111111100
1111111111111111111111100
1111111111111111111111000
1111111011111111111110000
1111111011111111111110000
1111111001111111111000000
1111111000011111100000000
1111111000000000000000000
1111111000000000000000000
1111111000000000000000000
1111111000000000000000000
1111111000000000000000000
1111111000000000000000000
1111111000000000000000000
1111111000000000000000000
1111111000000000000000000
1111111000000000000000000
19x24
0000000011111100001111111
0000001111111111001111111
0000111111111111101111111
0000111111111111101111111
0001111111111111111111111
0011111111111111111111111
0111111111000001111111111
0111111110000000111111111
0111111100000000011111111
1111111100000000011111111
1111111000000000001111111
1111111000000000001111111
1111111000000000001111111
1111111000000000001111111
1111111000000000001111111
1111111000000000001111111
1111111100000000011111111
0111111100000000011111111
0111111110000000111111111
0111111111000001111111111
0011111111111111111111111
0001111111111111111111111
0001111111111111101111111
0000111111111111101111111
0000001111111111001111111
0000000011111100001111111
0000000000000000001111111
0000000000000000001111111
0000000000000000001111111
0000000000000000001111111
0000000000000000001111111
0000000000000000001111111
0000000000000000001111111
0000000000000000001111111
0000000000000000001111111
0000000000000000001111111
0Fx19
111111100001111
111111100011111
111111101111111
111111101111111
111111111111111
111111111111111
111111111100000
111111110000000
111111110000000
111111100000000
111111100000000
111111100000000
111111100000000
111111100000000
111111100000000
111111100000000
111111100000000
111111100000000
111111100000000
111111100000000
111111100000000
111111100000000
111111100000000
111111100000000
111111100000000
18x1A
000000001111111100000000
000001111111111111100000
000011111111111111111000
000111111111111111111100
001111111111111111111100
011111111000000111111110
011111110000000011111110
011111110000000011111110
011111111100000000000000
011111111111110000000000
011111111111111110000000
001111111111111111110000
000111111111111111111100
000001111111111111111110
000000000111111111111110
000000000000111111111111
000000000000000111111111
000000000000000001111111
111111100000000001111111
011111110000000001111111
011111111000000111111110
011111111111111111111110
001111111111111111111100
000111111111111111111000
000011111111111111110000
000000011111111110000000
0Cx20
001111111000
001111111000
001111111000
001111111000
001111111000
001111111000
001111111000
111111111111
111111111111
111111111111
111111111111
001111111000
001111111000
001111111000
001111111000
001111111000
001111111000
001111111000
001111111000
001111111000
001111111000
001111111000
001111111000
001111111000
001111111000
001111111000
001111111000
001111111111
001111111111
000111111111
000011111111
000001111111
17x1A
11111110000000001111111
11111110000000001111111
11111110000000001111111
11111110000000001111111
11111110000000001111111
11111110000000001111111
11111110000000001111111
11111110000000001111111
11111110000000001111111
11111110000000001111111
11111110000000001111111
11111110000000001111111
11111110000000001111111
11111110000000001111111
11111110000000001111111
11111110000000001111111
11111110000000001111111
11111110000000011111111
11111111000000011111111
11111111100001111111111
11111111111111111111111
01111111111111111111111
01111111111111101111111
00111111111111101111111
00011111111111001111111
00000111111100000000000
19x19
0111111100000000001111111
0111111100000000001111110
0111111100000000011111110
0011111100000000011111110
0011111110000000011111100
0011111110000000111111100
0001111110000000111111100
0001111111000000111111000
0001111111000000111111000
0000111111000001111111000
0000111111100001111110000
0000011111100001111110000
0000011111100001111110000
0000011111100011111100000
0000001111110011111100000
0000001111110011111100000
0000001111110111111000000
0000000111111111111000000
0000000111111111111000000
0000000111111111110000000
0000000011111111110000000
0000000011111111110000000
0000000011111111100000000
0000000001111111100000000
0000000001111111000000000
23x19
11111100000000111111100000001111111
11111110000000111111100000001111111
11111110000000111111100000001111110
01111110000001111111110000001111110
01111110000001111111110000011111110
01111111000001111111110000011111110
01111111000001111111110000011111100
00111111000001111011110000011111100
00111111000011111011111000111111100
00111111100011111011111000111111000
00011111100011111011111000111111000
00011111100011111011111000111111000
00011111100111110001111000111111000
00011111100111110001111101111110000
00001111110111110001111101111110000
00001111110111110001111101111110000
00001111110111100001111101111100000
00000111111111100000111111111100000
00000111111111100000111111111100000
00000111111111100000111111111100000
00000111111111000000111111111000000
00000011111111000000111111111000000
00000011111111000000011111111000000
00000011111111000000011111110000000
00000001111111000000011111110000000
18x19
111111110000000011111111
011111111000000111111110
001111111000000111111100
001111111100001111111100
000111111100001111111000
000011111110011111110000
000011111110111111110000
000001111111111111100000
000000111111111111000000
000000111111111111000000
000000011111111110000000
000000001111111100000000
000000001111111100000000
000000011111111100000000
000000011111111110000000
000000111111111111000000
000001111111111111000000
000001111111111111100000
000011111110011111110000
000111111110011111110000
000111111100001111111000
001111111100001111111100
011111111000000111111100
011111110000000111111110
111111110000000011111111
19x24
0111111100000000001111111
0111111100000000001111111
0111111100000000001111110
0011111110000000001111110
0011111110000000011111110
0011111110000000011111100
0001111111000000011111100
0001111111000000111111100
0000111111000000111111000
0000111111100000111111000
0000111111100000111111000
0000011111100001111110000
0000011111100001111110000
0000011111110001111110000
0000001111110011111100000
0000001111110011111100000
0000001111111011111100000
0000000111111011111000000
0000000111111111111000000
0000000111111111111000000
0000000011111111110000000
0000000011111111110000000
0000000011111111110000000
0000000001111111100000000
0000000001111111100000000
0000000000111111100000000
0000000000111111000000000
0000000000111111000000000
0000000000111111000000000
0000000001111110000000000
0000000011111110000000000
0000111111111100000000000
0000111111111100000000000
0000111111111000000000000
0000111111110000000000000
0000111111000000000000000
15x19
011111111111111111111
011111111111111111111
011111111111111111111
011111111111111111111
011111111111111111111
011111111111111111111
000000000000111111111
000000000001111111110
000000000001111111100
000000000011111111000
000000000111111110000
000000001111111100000
000000011111111000000
000000111111110000000
000001111111100000000
000011111111000000000
000111111110000000000
001111111100000000000
011111111000000000000
111111111111111111111
111111111111111111111
111111111111111111111
111111111111111111111
111111111111111111111
111111111111111111111
0Dx2B
0000000111111
0000001111111
0000011111111
0000011111111
0000111111111
0000111111000
0000111110000
0000111110000
0000111110000
0000111110000
0000111110000
0000111110000
0000111110000
0000111110000
0000111110000
0000111110000
0000111110000
0000111110000
0000111110000
0001111110000
1111111100000
1111111000000
1111111000000
1111111100000
0001111110000
0000111110000
0000111110000
0000111110000
0000111110000
0000111110000
0000111110000
0000111110000
0000111110000
0000111110000
0000111110000
0000111110000
0000111110000
0000111111000
0000111111111
0000011111111
0000011111111
0000001111111
0000000111111
04x2C
1111
1111
1111
1111
1111
1111
1111
1111
1111
1111
1111
1111
1111
1111
1111
1111
1111
1111
1111
1111
1111
1111
1111
1111
1111
1111
1111
1111
1111
1111
1111
1111
1111
1111
1111
1111
1111
1111
1111
1111
1111
1111
1111
1111
0Dx2B
1111110000000
1111111000000
1111111100000
1111111100000
1111111110000
0001111110000
0000111110000
0000111110000
0000111110000
0000111110000
0000111110000
0000111110000
0000111110000
0000111110000
0000111110000
0000111110000
0000111110000
0000111110000
0000111110000
0000111111000
0000011111111
0000001111111
0000001111111
0000011111111
0000111111000
0000111110000
0000111110000
0000111110000
0000111110000
0000111110000
0000111110000
0000111110000
0000111110000
0000111110000
0000111110000
0000111110000
0000111110000
0001111110000
1111111110000
1111111100000
1111111100000
1111111000000
1111110000000
